[8   ,
5   ,
12  ,
3   ,
10  ,
19  ,
17  ,
16  ,
12  ,
3   ,
5   ,
19  ,
12  ,
19  ,
8   ,
16  ,
12  ,
5   ,
5   ,
2   ,
5   ,
2   ,
5   ,
12  ,
5   ,
5   ,
1   ,
2   ,
5   ,
17  ,
13  ,
6   ,
8   ,
5   ,
8   ,
18  ,
13  ,
5   ,
2   ,
16  ,
12  ,
19  ,
19  ,
12  ,
18  ,
19  ,
1   ,
12  ,
19  ,
9   ,
19  ,
8   ,
1   ,
2   ,
12  ,
15  ,
4   ,
19  ,
9   ,
18  ,
10  ,
18  ,
12  ,
19  ,
3   ,
13  ,
17  ,
3   ,
12  ,
19  ,
13  ,
10  ,
10  ,
18  ,
1   ,
3   ,
1   ,
10  ,
18  ,
12  ,
18  ,
18  ,
14  ,
8   ,
17  ,
19  ,
5   ,
10  ,
16  ,
16  ,
19  ,
5   ,
17  ,
19  ,
5   ,
17  ,
9   ,
9   ,
9   ,
18  ,
9   ,
9   ,
9   ,
9   ,
18  ,
9   ,
9   ,
13  ,
13  ,
9   ,
9   ,
14  ,
9   ,
9   ,
1   ,
4   ,
11  ,
14  ,
5   ,
5   ,
13  ,
13  ,
18  ,
18  ,
5   ,
2   ,
5   ,
2   ,
17  ,
16  ,
18  ,
5   ,
2   ,
14  ,
4   ,
5   ,
3   ,
12  ,
8   ,
12  ,
18  ,
10  ,
4   ,
1   ,
1   ,
10  ,
19  ,
12  ,
16  ,
19  ,
5   ,
14  ,
11  ,
16  ,
16  ,
16  ,
16  ,
16  ,
16  ,
5   ,
19  ,
8   ,
5   ,
18  ,
12  ,
9   ,
18  ,
5   ,
5   ,
12  ,
8   ,
5   ,
12  ,
13  ,
18  ,
5   ,
19  ,
5   ,
19  ,
8   ,
17  ,
17  ,
19  ,
2   ,
2   ,
1   ,
12  ,
12  ,
19  ,
5   ,
12  ,
1   ,
17  ,
12  ,
19  ,
2   ,
17  ,
19  ,
12  ,
18  ,
19  ,
8   ,
9   ,
5   ,
17  ,
12  ,
10  ,
1   ,
9   ,
11  ,
10  ,
10  ,
10  ,
7   ,
11  ,
19  ,
11  ,
1   ,
16  ,
16  ,
15  ,
7   ,
9   ,
9   ,
5   ,
19  ,
19  ,
19  ,
19  ,
19  ,
19  ,
1   ,
19  ,
2   ,
19  ,
19  ,
9   ,
2   ,
16  ,
12  ,
19  ,
12  ,
12  ,
5   ,
12  ,
12  ,
19  ,
12  ,
1   ,
14  ,
17  ,
17  ,
19  ,
18  ,
10  ,
12  ,
8   ,
8   ,
18  ,
7   ,
5   ,
12  ,
10  ,
17  ,
19  ,
1   ,
19  ,
15  ,
12  ,
14  ,
11  ,
2   ,
18  ,
9   ,
19  ,
5   ,
19  ,
19  ,
19  ,
5   ,
19  ,
18  ,
14  ,
5   ,
19  ,
19  ,
12  ,
8   ,
1   ,
5   ,
9   ,
19  ,
1   ,
5   ,
19  ,
19  ,
11  ,
9   ,
9   ,
9   ,
9   ,
9   ,
9   ,
17  ,
5   ,
19  ,
13  ,
16  ,
9   ,
9   ,
9   ,
5   ,
19  ,
1   ,
19  ,
10  ,
16  ,
16  ,
11  ,
1   ,
19  ,
2   ,
9   ,
8   ,
19  ,
1   ,
12  ,
12  ,
1   ,
1   ,
13  ,
9   ,
13  ,
13  ,
13  ,
13  ,
5   ,
5   ,
18  ,
18  ,
18  ,
12  ,
1   ,
2   ,
19  ,
3   ,
17  ,
17  ,
3   ,
3   ,
2   ,
3   ,
3   ,
17  ,
2   ,
5   ,
5   ,
18  ,
18  ,
19  ,
5   ,
13  ,
8   ,
12  ,
13  ,
1   ,
8   ,
16  ,
17  ,
18  ,
5   ,
5   ,
16  ,
8   ,
19  ,
5   ,
12  ,
19  ,
16  ,
5   ,
19  ,
2   ,
19  ,
8   ,
18  ,
19  ,
9   ,
19  ,
5   ,
1   ,
19  ,
9   ,
12  ,
16  ,
9   ,
12  ,
19  ,
5   ,
19  ,
14  ,
16  ,
5   ,
5   ,
14  ,
14  ,
10  ,
10  ,
12  ,
2   ,
8   ,
2   ,
9   ,
5   ,
5   ,
12  ,
1   ,
18  ,
19  ,
1   ,
6   ,
8   ,
2   ,
8   ,
19  ,
10  ,
19  ,
7   ,
19  ,
16  ,
2   ,
5   ,
5   ,
16  ,
18  ,
5   ,
1   ,
19  ,
6   ,
5   ,
10  ,
19  ,
8   ,
5   ,
18  ,
18  ,
3   ,
19  ,
19  ,
13  ,
1   ,
5   ,
2   ,
9   ,
9   ,
8   ,
2   ,
1   ,
5   ,
1   ,
13  ,
19  ,
12  ,
19  ,
14  ,
2   ,
19  ,
13  ,
19  ,
1   ,
16  ,
18  ,
18  ,
4   ,
2   ,
2   ,
17  ,
17  ,
13  ,
2   ,
2   ,
2   ,
14  ,
2   ,
14  ,
14  ,
1   ,
8   ,
8   ,
10  ,
14  ,
14  ,
6   ,
2   ,
17  ,
2   ,
14  ,
17  ,
14  ,
2   ,
9   ]