[[0	,480,	4 ],
[0	,481,	4 ],
[0	,482,	0 ],
[0	,483,	4 ],
[0	,484,	5 ],
[0	,485,	0 ],
[0	,486,	1 ],
[0	,487,	0 ],
[0	,488,	0 ],
[0	,489,	0 ],
[0	,490,	0 ],
[0	,491,	0 ],
[0	,492,	0 ],
[0	,493,	4 ],
[0	,494,	0 ],
[0	,495,	0 ],
[0	,496,	0 ],
[0	,497,	0 ],
[0	,498,	0 ],
[0	,499,	0 ],
[0	,500,	0 ],
[0	,106,	3 ],
[0	,208,	1 ],
[1	,480,	3 ],
[1	,481,	4 ],
[1	,482,	0 ],
[1	,483,	4 ],
[1	,484,	5 ],
[1	,485,	0 ],
[1	,486,	2 ],
[1	,487,	0 ],
[1	,488,	0 ],
[1	,489,	0 ],
[1	,490,	0 ],
[1	,491,	0 ],
[1	,492,	0 ],
[1	,493,	5 ],
[1	,494,	0 ],
[1	,495,	0 ],
[1	,496,	0 ],
[1	,497,	0 ],
[1	,498,	0 ],
[1	,499,	0 ],
[1	,500,	0 ],
[1	,106,	4 ],
[1	,208,	1 ],
[2	,480,	3 ],
[2	,481,	5 ],
[2	,482,	2 ],
[2	,483,	0 ],
[2	,484,	5 ],
[2	,485,	0 ],
[2	,486,	0 ],
[2	,487,	2 ],
[2	,488,	3 ],
[2	,489,	0 ],
[2	,490,	0 ],
[2	,491,	0 ],
[2	,492,	3 ],
[2	,493,	0 ],
[2	,494,	5 ],
[2	,495,	0 ],
[2	,496,	0 ],
[2	,497,	2 ],
[2	,498,	0 ],
[2	,499,	4 ],
[2	,500,	0 ],
[2	,106,	4 ],
[2	,208,	0 ],
[3	,480,	3 ],
[3	,481,	4 ],
[3	,482,	1 ],
[3	,483,	0 ],
[3	,484,	4 ],
[3	,485,	0 ],
[3	,486,	0 ],
[3	,487,	1 ],
[3	,488,	3 ],
[3	,489,	0 ],
[3	,490,	0 ],
[3	,491,	0 ],
[3	,492,	4 ],
[3	,493,	0 ],
[3	,494,	5 ],
[3	,495,	0 ],
[3	,496,	0 ],
[3	,497,	1 ],
[3	,498,	0 ],
[3	,499,	5 ],
[3	,500,	0 ],
[3	,106,	4 ],
[3	,208,	0 ],
[4	,480,	2 ],
[4	,481,	0 ],
[4	,482,	0 ],
[4	,483,	2 ],
[4	,484,	3 ],
[4	,485,	0 ],
[4	,486,	0 ],
[4	,487,	0 ],
[4	,488,	5 ],
[4	,489,	3 ],
[4	,490,	3 ],
[4	,491,	2 ],
[4	,492,	0 ],
[4	,493,	0 ],
[4	,494,	0 ],
[4	,495,	0 ],
[4	,496,	0 ],
[4	,497,	0 ],
[4	,498,	3 ],
[4	,499,	0 ],
[4	,500,	0 ],
[4	,106,	0 ],
[4	,208,	0 ],
[5	,480,	2 ],
[5	,481,	0 ],
[5	,482,	0 ],
[5	,483,	3 ],
[5	,484,	2 ],
[5	,485,	0 ],
[5	,486,	0 ],
[5	,487,	0 ],
[5	,488,	5 ],
[5	,489,	3 ],
[5	,490,	4 ],
[5	,491,	3 ],
[5	,492,	0 ],
[5	,493,	0 ],
[5	,494,	0 ],
[5	,495,	0 ],
[5	,496,	0 ],
[5	,497,	0 ],
[5	,498,	2 ],
[5	,499,	0 ],
[5	,500,	0 ],
[5	,106,	0 ],
[5	,208,	0 ],
[6	,480,	5 ],
[6	,481,	4 ],
[6	,482,	0 ],
[6	,483,	4 ],
[6	,484,	3 ],
[6	,485,	0 ],
[6	,486,	0 ],
[6	,487,	0 ],
[6	,488,	0 ],
[6	,489,	0 ],
[6	,490,	0 ],
[6	,491,	0 ],
[6	,492,	0 ],
[6	,493,	0 ],
[6	,494,	0 ],
[6	,495,	0 ],
[6	,496,	0 ],
[6	,497,	0 ],
[6	,498,	0 ],
[6	,499,	0 ],
[6	,500,	0 ],
[6	,106,	4 ],
[6	,208,	0 ],
[7	,480,	4 ],
[7	,481,	5 ],
[7	,482,	0 ],
[7	,483,	5 ],
[7	,484,	2 ],
[7	,485,	0 ],
[7	,486,	0 ],
[7	,487,	0 ],
[7	,488,	0 ],
[7	,489,	0 ],
[7	,490,	0 ],
[7	,491,	0 ],
[7	,492,	0 ],
[7	,493,	0 ],
[7	,494,	0 ],
[7	,495,	0 ],
[7	,496,	0 ],
[7	,497,	0 ],
[7	,498,	0 ],
[7	,499,	0 ],
[7	,500,	0 ],
[7	,106,	3 ],
[7	,208,	0 ],
[8	,480,	4 ],
[8	,481,	4 ],
[8	,482,	5 ],
[8	,483,	4 ],
[8	,484,	3 ],
[8	,485,	5 ],
[8	,486,	5 ],
[8	,487,	4 ],
[8	,488,	4 ],
[8	,489,	2 ],
[8	,490,	2 ],
[8	,491,	0 ],
[8	,492,	0 ],
[8	,493,	5 ],
[8	,494,	5 ],
[8	,495,	3 ],
[8	,496,	4 ],
[8	,497,	0 ],
[8	,498,	3 ],
[8	,499,	0 ],
[8	,500,	4 ],
[8	,106,	4 ],
[8	,208,	5 ],
[9	,480,	5 ],
[9	,481,	4 ],
[9	,482,	5 ],
[9	,483,	4 ],
[9	,484,	2 ],
[9	,485,	5 ],
[9	,486,	5 ],
[9	,487,	4 ],
[9	,488,	5 ],
[9	,489,	2 ],
[9	,490,	1 ],
[9	,491,	0 ],
[9	,492,	0 ],
[9	,493,	5 ],
[9	,494,	5 ],
[9	,495,	3 ],
[9	,496,	4 ],
[9	,497,	0 ],
[9	,498,	4 ],
[9	,499,	0 ],
[9	,500,	3 ],
[9	,106,	0 ],
[9	,208,	5 ],
[10,480	,3    ],
[10,481	,2    ],
[10,482	,0    ],
[10,483	,2    ],
[10,484	,2    ],
[10,485	,2    ],
[10,486	,5    ],
[10,487	,4    ],
[10,488	,4    ],
[10,489	,4    ],
[10,490	,4    ],
[10,491	,0    ],
[10,492	,0    ],
[10,493	,2    ],
[10,494	,0    ],
[10,495	,2    ],
[10,496	,4    ],
[10,497	,0    ],
[10,498	,0    ],
[10,499	,3    ],
[10,500	,0    ],
[10,106	,3    ],
[10,208	,5    ],
[11,480	,4    ],
[11,481	,1    ],
[11,482	,0    ],
[11,483	,2    ],
[11,484	,1    ],
[11,485	,2    ],
[11,486	,5    ],
[11,487	,5    ],
[11,488	,5    ],
[11,489	,4    ],
[11,490	,5    ],
[11,491	,0    ],
[11,492	,0    ],
[11,493	,0    ],
[11,494	,0    ],
[11,495	,0    ],
[11,496	,5    ],
[11,497	,0    ],
[11,498	,0    ],
[11,499	,2    ],
[11,500	,0    ],
[11,106	,0    ],
[11,208	,5    ]]